Q4WJX7	B6H8A9	484	481	499	1	484	1	481	1462	567	0.0	60.721	303	163	369	33	11	N/A
Q4WJX7	B6HQU1	484	442	204	284	480	200	378	324	129	3.74e-33	35.294	72	100	97	32	3	N/A
Q4WJX7	B6H7Z5	484	442	206	284	482	203	383	324	129	4.17e-33	35.922	74	100	97	32	3	N/A
O59921	B6HP54	504	505	489	1	489	1	487	2413	934	0.0	90.593	443	44	466	2	1	N/A
O59921	B6HWN2	504	455	443	16	449	11	451	1451	563	0.0	63.883	283	149	336	11	4	N/A
O59921	B6H0U5	504	481	471	7	475	3	471	1291	501	1.03e-175	50.743	239	228	332	4	4	N/A
O59921	B6HIC9	504	472	468	13	479	9	472	1133	441	7.92e-152	46.581	218	245	319	5	5	N/A
O59921	B6HD09	504	480	456	8	462	5	456	1098	427	1.89e-146	46.491	212	239	309	5	5	N/A
O59921	B6HN63	504	917	479	24	485	177	640	852	332	1.08e-104	36.534	175	272	284	32	9	N/A
O59921	B6HEX8	504	943	424	74	474	237	656	787	307	4.59e-95	37.972	161	236	245	27	8	N/A
O59921	B6HG46	504	845	427	73	487	155	571	773	302	8.79e-94	36.534	156	249	254	22	8	N/A
O59921	B6HCM9	504	917	456	40	479	173	620	652	255	4.59e-76	34.430	157	275	246	24	7	N/A
P24634	B6HA43	451	452	442	1	442	1	442	1976	765	0.0	83.258	368	74	405	0	0	N/A
P24634	B6GWY6	451	448	441	1	441	1	441	1920	744	0.0	81.859	361	80	397	0	0	N/A
P24634	B6HSX8	451	450	450	4	451	3	450	1694	657	0.0	70.222	316	130	386	4	3	N/A
P24634	B6H3L7	451	447	445	4	448	3	435	911	355	1.36e-119	40.449	180	253	268	12	4	N/A
P24634	B6H521	451	469	449	4	435	16	449	634	248	7.90e-78	30.958	139	278	244	32	10	N/A
P36011	B6H2G9	622	818	661	1	621	176	818	1729	670	0.0	61.876	409	194	481	58	27	N/A
P36011	B6H0N5	622	857	86	142	224	86	171	125	52.8	2.55e-07	29.070	25	58	43	3	1	N/A
P36011	B6H2U3	622	765	85	143	224	85	169	96	41.6	6.54e-04	29.412	25	57	38	3	1	N/A
Q9P896	B6H948	682	703	642	44	681	61	702	2156	835	0.0	61.526	395	243	501	4	2	N/A
Q9P896	B6HE09	682	685	648	40	681	38	684	2122	822	0.0	59.414	385	256	505	7	3	N/A
Q9P896	B6H4K0	682	2272	415	285	681	1816	2225	499	196	5.93e-53	33.494	139	253	222	23	12	N/A
Q9P896	B6HC27	682	1302	237	293	525	701	935	375	149	2.17e-37	38.397	91	140	135	6	6	N/A
Q9P896	B6HC27	682	1302	120	564	678	1094	1210	204	83.2	1.31e-16	40.833	49	63	72	8	4	N/A
Q9P896	B6H9L6	682	1025	274	278	548	498	762	365	145	3.51e-36	35.401	97	165	146	12	7	N/A
Q9P896	B6H9L6	682	1025	128	556	678	891	1011	191	78.2	4.58e-15	38.281	49	67	73	12	5	N/A
Q9P896	B6H4P4	682	1879	293	247	528	1120	1411	351	139	2.59e-34	31.741	93	188	151	12	7	N/A
Q9P896	B6H4P4	682	1879	137	564	676	1715	1850	139	58.2	6.14e-09	29.927	41	71	63	25	4	N/A
Q9P896	B6HQZ8	682	649	521	273	673	116	630	335	133	6.12e-33	26.871	140	255	214	126	17	N/A
Q9P896	B6HMM6	682	607	486	272	673	113	591	323	129	1.63e-31	26.337	128	267	207	91	16	N/A
Q9P896	B6HL79	682	1181	411	156	507	441	829	203	82.8	1.63e-16	23.601	97	233	169	81	13	N/A
Q9P896	B6HL79	682	1181	136	545	676	1055	1177	97	42.0	6.26e-04	28.676	39	80	64	17	6	N/A
Q9P896	B6HEE5	682	1260	169	529	679	1082	1247	200	81.6	3.78e-16	36.686	62	86	86	21	6	N/A
Q9P896	B6HEE5	682	1260	265	299	509	606	866	199	81.3	4.98e-16	28.679	76	131	119	58	9	N/A
Q9P896	B6HT24	682	626	116	563	678	364	476	192	78.6	1.95e-15	41.379	48	65	65	3	3	N/A
Q9P896	B6GVV0	682	1447	257	273	509	814	1052	191	78.2	4.99e-15	25.292	65	154	115	38	6	N/A
Q9P896	B6GVV0	682	1447	174	515	672	1247	1414	155	64.3	9.42e-11	24.713	43	109	83	22	5	N/A
Q9P896	B6GXM6	682	1269	179	527	677	1072	1249	189	77.4	7.43e-15	30.726	55	95	87	29	8	N/A
Q9P896	B6GXM6	682	1269	275	266	522	712	965	146	60.8	1.10e-09	22.545	62	174	118	39	7	N/A
Q9P896	B6H552	682	1190	266	255	509	535	769	186	76.3	1.47e-14	26.692	71	153	127	42	11	N/A
Q9P896	B6H552	682	1190	125	561	679	1053	1177	175	72.0	3.29e-13	34.400	43	76	67	6	1	N/A
Q9P896	B6H556	682	1272	148	535	676	1113	1258	181	74.3	6.01e-14	33.108	49	91	76	8	3	N/A
Q9P896	B6H556	682	1272	108	419	521	769	872	121	51.2	8.62e-07	35.185	38	61	52	9	3	N/A
Q9P896	B6H556	682	1272	65	299	363	589	653	101	43.5	2.34e-04	29.231	19	46	38	0	0	N/A
Q9P896	B6HTZ5	682	979	130	377	505	470	593	157	65.1	4.27e-11	34.615	45	78	73	7	4	N/A
Q9P896	B6HTZ5	682	979	125	563	665	841	965	125	52.8	2.73e-07	28.800	36	67	57	22	2	N/A
Q9P896	B6HV23	682	935	113	397	509	512	619	148	61.6	5.43e-10	32.743	37	71	59	5	2	N/A
Q9P896	B6HV23	682	935	149	534	633	699	847	101	43.5	2.11e-04	25.503	38	62	61	49	3	N/A
Q9P896	B6HR41	682	773	167	560	679	493	656	139	58.2	4.93e-09	26.347	44	73	73	50	4	N/A
Q5BBX1	B6HQ74	430	390	436	15	430	4	390	968	377	2.66e-129	53.670	234	133	285	69	16	N/A
Q5BBX1	B6H3B2	430	561	206	20	180	30	228	193	79.0	4.56e-16	31.553	65	89	93	52	7	N/A
Q5BBX1	B6HU70	430	361	45	94	138	256	300	112	47.8	2.82e-06	46.667	21	24	29	0	0	N/A
Q5BBX1	B6HQN4	430	268	54	20	71	33	86	104	44.7	2.05e-05	40.741	22	30	32	2	1	N/A
Q5BBX1	B6HQN4	430	268	75	115	183	181	255	104	44.7	2.22e-05	34.667	26	43	39	6	2	N/A
C8VTS4	B6HU70	369	361	328	1	286	1	304	751	293	8.24e-98	57.927	190	72	206	66	11	N/A
C8VTS4	B6HQ74	369	390	110	238	347	41	134	198	80.9	3.60e-17	40.000	44	50	60	16	1	N/A
C8VTS4	B6HQN4	369	268	84	257	340	179	251	143	59.7	1.83e-10	38.095	32	41	49	11	2	N/A
C8VTS4	B6HQN4	369	268	56	59	114	33	88	131	55.1	7.40e-09	39.286	22	34	35	0	0	N/A
C8VTS4	B6H3B2	369	561	95	259	340	134	228	137	57.4	2.78e-09	35.789	34	48	46	13	2	N/A
C8VTS4	B6H3B2	369	561	70	58	121	29	98	111	47.4	3.88e-06	37.143	26	38	38	6	2	N/A
Q5BFN9	B6HIR2	179	185	186	1	179	1	185	555	218	1.50e-73	62.903	117	61	143	8	3	N/A
Q00791	B6HL01	264	268	257	7	262	11	266	594	233	4.85e-77	49.416	127	128	177	2	2	N/A
Q00791	B6HSU0	264	250	258	9	261	3	246	306	122	4.74e-34	32.171	83	156	135	19	7	N/A
Q00791	B6HPI0	264	263	258	7	261	15	259	292	117	8.94e-32	30.620	79	163	133	16	5	N/A
Q00791	B6H9L1	264	263	263	5	261	13	259	290	116	1.63e-31	30.418	80	161	142	22	9	N/A
Q00791	B6HHS8	264	254	263	4	261	2	251	287	115	3.47e-31	34.221	90	155	130	18	7	N/A
Q00791	B6H5K3	264	267	278	4	261	2	263	276	110	2.10e-29	32.734	91	151	134	36	10	N/A
Q00791	B6HMB4	264	268	269	9	263	7	264	270	108	1.27e-28	30.112	81	163	126	25	6	N/A
Q00791	B6HF42	264	310	261	8	263	63	307	269	108	4.84e-28	29.885	78	162	127	21	7	N/A
Q00791	B6HAI7	264	252	263	8	261	5	250	260	104	2.55e-27	32.700	86	151	131	26	11	N/A
Q00791	B6HUG1	264	270	269	9	263	10	266	259	104	5.84e-27	31.227	84	159	128	26	8	N/A
Q00791	B6HD32	264	308	259	8	261	61	303	256	103	3.22e-26	29.344	76	162	122	21	7	N/A
Q00791	B6HMX6	264	252	262	11	261	8	250	250	100	8.08e-26	30.534	80	152	128	30	10	N/A
Q00791	B6H9X0	264	281	278	4	262	13	275	251	101	8.78e-26	30.576	85	159	135	34	8	N/A
Q00791	B6HHK8	264	308	259	8	261	61	303	252	101	1.10e-25	28.958	75	163	124	21	7	N/A
Q00791	B6HC22	264	320	243	8	248	52	282	245	99.0	1.30e-24	32.099	78	151	113	14	4	N/A
Q00791	B6HHX3	264	378	277	6	261	109	374	240	97.1	1.47e-23	26.354	73	172	130	32	8	N/A
Q00791	B6HAI5	264	264	267	7	261	8	260	234	94.7	2.11e-23	33.708	90	151	123	26	8	N/A
Q00791	B6H1C5	264	270	261	7	261	12	260	232	94.0	3.85e-23	29.119	76	167	124	18	7	N/A
Q00791	B6HDH6	264	256	274	9	261	4	254	230	93.2	6.83e-23	32.482	89	141	134	44	12	N/A
Q00791	B6HP30	264	309	268	7	263	54	307	228	92.4	3.36e-22	28.731	77	166	128	25	9	N/A
Q00791	B6GZN2	264	303	257	6	257	50	292	223	90.5	1.19e-21	29.183	75	163	120	19	6	N/A
Q00791	B6H382	264	901	196	8	190	5	193	229	92.8	1.33e-21	36.224	71	105	107	20	6	N/A
Q00791	B6H382	264	901	198	9	204	311	500	218	88.6	3.78e-20	34.343	68	120	105	10	5	N/A
Q00791	B6HM88	264	314	272	8	261	43	301	222	90.1	1.91e-21	32.353	88	153	128	31	9	N/A
Q00791	B6HHS2	264	294	275	7	261	29	290	221	89.7	2.13e-21	28.364	78	164	132	33	9	N/A
Q00791	B6GY55	264	266	263	5	261	13	262	213	86.7	1.87e-20	26.616	70	174	121	19	6	N/A
Q00791	B6HJJ9	264	284	272	2	261	7	267	206	84.0	2.33e-19	31.985	87	162	122	23	8	N/A
Q00791	B6H9C2	264	295	289	9	261	5	290	206	84.0	3.40e-19	26.990	78	172	134	39	11	N/A
Q00791	B6HMD6	264	350	289	7	261	67	342	206	84.0	5.77e-19	28.374	82	160	129	47	11	N/A
Q00791	B6HP31	264	266	266	2	261	10	262	202	82.4	8.34e-19	24.812	66	181	121	19	6	N/A
Q00791	B6HRS4	264	262	274	1	262	1	256	199	81.3	1.93e-18	28.832	79	165	126	30	10	N/A
Q00791	B6H7U4	264	298	284	8	261	4	277	200	81.6	2.43e-18	27.817	79	165	125	40	8	N/A
Q00791	B6H4T2	264	300	280	9	261	21	297	199	81.3	3.19e-18	28.214	79	171	133	30	9	N/A
Q00791	B6H2F5	264	293	273	3	261	28	288	198	80.9	3.28e-18	25.275	69	178	120	26	7	N/A
Q00791	B6HB57	264	286	267	7	261	31	282	197	80.5	5.00e-18	27.715	74	166	124	27	7	N/A
Q00791	B6HAM2	264	253	260	5	261	28	249	195	79.7	6.01e-18	28.846	75	144	125	41	8	N/A
Q00791	B6HJZ6	264	331	266	7	261	75	327	196	80.1	1.04e-17	28.195	75	167	121	24	6	N/A
Q00791	B6H7C9	264	280	266	6	261	24	276	193	79.0	1.39e-17	27.444	73	170	121	23	7	N/A
Q00791	B6HUG2	264	264	257	9	260	15	259	192	78.6	1.93e-17	29.183	75	165	118	17	8	N/A
Q00791	B6HGG6	264	295	281	7	261	16	287	191	78.2	3.11e-17	28.826	81	165	115	35	8	N/A
Q00791	B6HLW3	264	279	282	9	261	7	276	188	77.0	8.57e-17	30.142	85	156	124	41	10	N/A
Q00791	B6H6Q7	264	288	258	9	260	39	283	187	76.6	1.22e-16	27.132	70	169	111	19	6	N/A
Q00791	B6H984	264	271	279	13	261	6	267	182	74.7	4.28e-16	26.523	74	158	116	47	7	N/A
Q00791	B6HFH7	264	283	257	9	260	23	267	181	74.3	8.39e-16	28.405	73	167	115	17	7	N/A
Q00791	B6H9K0	264	289	277	7	261	22	285	180	73.9	1.18e-15	28.159	78	164	123	35	5	N/A
Q00791	B6H9M5	264	262	265	13	261	8	259	177	72.8	1.85e-15	27.547	73	163	118	29	8	N/A
Q00791	B6HGZ5	264	281	266	8	261	9	260	176	72.4	3.56e-15	29.699	79	161	125	26	8	N/A
Q9P4U6	B6H4K0	1065	2272	567	519	1065	1798	2236	444	175	1.23e-44	26.631	151	268	254	148	19	N/A
Q9P4U6	B6H948	1065	703	545	515	1053	294	700	362	144	1.49e-35	25.872	141	260	226	144	15	N/A
Q9P4U6	B6HE09	1065	685	539	518	1053	283	682	344	137	2.19e-33	25.788	139	258	223	142	15	N/A
Q9P4U6	B6H9L6	1065	1025	430	463	868	427	767	309	123	9.23e-29	26.047	112	205	189	113	13	N/A
Q9P4U6	B6H9L6	1065	1025	131	931	1056	891	1015	176	72.4	4.86e-13	34.351	45	75	76	11	3	N/A
Q9P4U6	B6HC27	1065	1302	357	493	841	653	932	303	121	4.97e-28	29.412	105	167	162	85	11	N/A
Q9P4U6	B6HC27	1065	1302	133	923	1050	1083	1208	178	73.2	3.49e-13	33.083	44	77	78	12	4	N/A
Q9P4U6	B6HMM6	1065	607	567	524	1056	125	600	294	117	1.97e-27	25.573	145	297	237	125	22	N/A
Q9P4U6	B6HQZ8	1065	649	555	535	1040	136	623	282	113	5.72e-26	25.766	143	296	242	116	24	N/A
Q9P4U6	B6H4P4	1065	1879	315	527	841	1165	1405	227	92.0	6.18e-19	26.984	85	156	139	74	10	N/A
Q9P4U6	B6H552	1065	1190	137	934	1064	1055	1183	186	76.3	3.49e-14	32.117	44	79	79	14	4	N/A
Q9P4U6	B6H552	1065	1190	379	499	871	540	813	178	73.2	3.14e-13	23.483	89	179	158	111	16	N/A
Q9P4U6	B6HV23	1065	935	361	778	1054	568	927	182	74.7	8.43e-14	25.208	91	185	137	85	8	N/A
Q9P4U6	B6H556	1065	1272	126	936	1055	1142	1263	182	74.7	1.08e-13	32.540	41	75	73	10	4	N/A
Q9P4U6	B6H556	1065	1272	63	778	839	812	870	106	45.4	1.00e-04	44.444	28	30	36	5	2	N/A
Q9P4U6	B6HEE5	1065	1260	384	507	854	588	893	174	71.6	1.01e-12	25.260	97	173	154	114	16	N/A
Q9P4U6	B6HEE5	1065	1260	152	910	1051	1097	1242	170	70.1	2.60e-12	29.605	45	91	80	16	5	N/A
Q9P4U6	B6HT24	1065	626	113	942	1052	367	476	153	63.5	2.07e-10	33.628	38	70	61	5	3	N/A
Q9P4U6	B6HL79	1065	1181	338	530	846	571	848	151	62.8	4.98e-10	23.373	79	178	130	81	10	N/A
Q9P4U6	B6GXM6	1065	1269	120	933	1041	1118	1233	149	62.0	7.76e-10	33.333	40	65	64	15	3	N/A
Q9P4U6	B6GXM6	1065	1269	126	528	653	728	851	107	45.8	7.72e-05	22.222	28	96	62	2	2	N/A
Q9P4U6	B6GXM6	1065	1269	95	769	847	877	971	103	44.3	1.94e-04	28.421	27	52	47	16	3	N/A
Q9P4U6	B6GVV0	1065	1447	320	531	849	819	1070	149	62.0	8.92e-10	22.813	73	178	128	69	11	N/A
Q9P4U6	B6GVV0	1065	1447	147	919	1050	1276	1418	144	60.1	3.02e-09	30.612	45	83	69	19	4	N/A
Q9P4U6	B6GWY8	1065	2052	145	913	1053	1538	1660	119	50.4	2.63e-06	27.586	40	79	70	26	7	N/A
Q9P4U6	B6HR41	1065	773	174	927	1053	489	656	115	48.9	6.69e-06	23.563	41	80	76	53	5	N/A
Q9P4U6	B6HTZ5	1065	979	90	760	848	536	615	105	45.1	1.18e-04	35.556	32	47	47	11	4	N/A
C8VTV4	B6H3B2	573	561	599	9	568	9	555	1055	410	8.02e-138	48.247	289	219	365	91	21	N/A
C8VTV4	B6HQ74	573	390	167	88	246	6	148	168	69.3	7.75e-13	29.940	50	85	77	32	4	N/A
C8VTV4	B6HQN4	573	268	50	32	79	33	79	119	50.4	4.50e-07	48.000	24	21	35	5	2	N/A
C8VTV4	B6HQN4	573	268	91	134	224	179	250	107	45.8	1.36e-05	29.670	27	45	40	19	1	N/A
C8VTV4	B6HU70	573	361	53	31	69	51	103	95	41.2	5.48e-04	37.736	20	19	27	14	1	N/A
P22022	Q01870	555	520	559	1	555	1	520	1144	445	4.15e-152	53.667	300	216	370	43	21	N/A
A7XRZ1	B6HJL8	317	338	313	15	317	32	336	442	174	1.65e-52	35.783	112	183	153	18	8	N/A
A7XRZ1	B6HFJ6	317	353	303	9	306	60	353	434	171	3.48e-51	34.323	104	185	161	14	6	N/A
A7XRZ1	B6HCK5	317	330	270	40	308	61	327	391	155	4.13e-45	32.593	88	178	141	4	3	N/A
A7XRZ1	B6HBI9	317	345	313	7	305	30	327	324	129	3.70e-35	31.310	98	186	148	29	11	N/A
A7XRZ1	B6HTD4	317	438	310	9	305	110	416	324	129	1.46e-34	28.387	88	206	145	16	7	N/A
A7XRZ1	B6HFK8	317	386	306	28	307	77	371	302	120	1.05e-31	29.085	89	180	137	37	9	N/A
A7XRZ1	B6HAJ3	317	422	252	62	305	142	390	303	121	1.11e-31	29.762	75	166	121	11	5	N/A
A7XRZ1	B6HKA2	317	345	306	14	305	28	329	299	119	1.46e-31	26.144	80	208	135	18	5	N/A
A7XRZ1	B6HIR5	317	371	251	63	305	110	356	266	107	9.35e-27	28.287	71	168	118	12	5	N/A
A7XRZ1	B6H6H4	317	314	260	46	297	62	314	229	92.8	6.19e-22	25.000	65	180	118	15	7	N/A
A7XRZ1	B6H9U8	317	427	283	31	305	149	424	202	82.4	7.23e-18	24.382	69	199	120	15	10	N/A
A7XRZ1	B6HM10	317	280	144	105	245	105	246	170	70.1	4.64e-14	29.861	43	96	68	5	2	N/A
A7XRZ1	B6GX38	317	295	200	22	202	18	206	115	48.9	7.11e-07	27.500	55	115	92	30	10	N/A
A7XRZ1	B6HX02	317	272	99	169	267	133	231	101	43.5	3.73e-05	25.253	25	74	43	0	0	N/A
G5EB76	B6H2G4	498	493	501	1	498	1	493	1848	716	0.0	69.261	347	143	410	11	6	N/A
Q4U3E8	B6HVJ2	364	364	364	1	364	1	364	1842	714	0.0	94.780	345	19	357	0	0	N/A
Q4U3E8	B6GZ79	364	440	424	2	357	17	434	447	176	1.30e-51	29.009	123	227	199	74	12	N/A
Q4U3E8	B6HT10	364	701	418	1	345	23	429	140	58.5	1.32e-09	22.010	92	242	156	84	12	N/A
Q4U3E8	B6GXC9	364	565	116	248	342	443	558	108	46.2	8.35e-06	25.000	29	66	51	21	3	N/A
Q4U3E8	B6GVZ5	364	544	104	253	356	432	521	102	43.9	5.29e-05	24.038	25	65	50	14	2	N/A
Q4U3E8	B6HIT9	364	484	97	253	349	380	468	98	42.4	1.54e-04	26.804	26	63	47	8	2	N/A
P40292	B6GZG3	706	697	704	3	706	2	697	2913	1126	0.0	89.631	631	65	658	8	2	N/A
P40292	B6HG88	706	1747	196	24	214	39	213	103	44.3	1.39e-04	26.020	51	119	77	26	7	N/A
C8VRV0	B6H782	202	196	196	1	196	1	196	880	343	1.41e-122	82.653	162	34	179	0	0	N/A
Q00664	B6HP56	444	458	459	1	444	1	457	1444	560	0.0	60.131	276	166	343	17	5	N/A
Q00664	B6GZD3	444	464	461	1	444	1	455	1048	408	3.85e-140	45.770	211	227	293	23	8	N/A
Q00664	B6GXB6	444	1348	297	108	403	916	1184	341	135	1.78e-34	32.997	98	170	149	29	8	N/A
Q00664	B6GXB6	444	1348	402	108	442	790	1158	331	132	2.86e-33	28.607	115	187	170	100	11	N/A
Q00664	B6GXB6	444	1348	296	110	402	750	1015	330	131	4.55e-33	34.122	101	162	144	33	10	N/A
Q00664	B6GXB6	444	1348	192	112	302	1046	1231	221	89.7	3.01e-19	33.854	65	120	97	7	5	N/A
Q00664	B6GXB6	444	1348	211	60	259	1077	1283	162	67.0	5.32e-12	31.280	66	130	100	15	6	N/A
Q00664	B6GXB6	444	1348	101	342	442	747	822	99	42.7	1.91e-04	30.693	31	45	46	25	3	N/A
Q00664	B6GYR9	444	664	280	109	377	407	659	324	129	1.39e-32	34.643	97	145	137	38	9	N/A
Q00664	B6HQG1	444	409	267	113	377	167	407	276	110	5.16e-27	31.835	85	154	125	28	7	N/A
Q00664	B6HQG1	444	409	291	103	390	113	377	263	105	2.73e-25	28.522	83	179	136	29	7	N/A
Q00664	B6HQG1	444	409	212	195	404	118	305	227	92.0	1.61e-20	29.717	63	123	100	26	6	N/A
Q00664	B6HQG1	444	409	165	110	273	248	407	184	75.5	4.07e-15	34.545	57	102	81	6	5	N/A
Q00664	B6HQG1	444	409	126	108	230	288	407	167	68.9	5.86e-13	32.540	41	76	72	9	3	N/A
Q00664	B6HTT2	444	514	341	108	403	181	495	257	103	4.36e-24	26.979	92	178	145	71	11	N/A
Q00664	B6HTT2	444	514	141	289	424	122	261	121	51.2	3.57e-07	27.660	39	96	63	6	3	N/A
Q00664	B6HTT2	444	514	79	109	185	438	512	96	41.6	3.49e-04	35.443	28	45	37	6	2	N/A
Q00664	B6GY70	444	589	278	117	379	333	584	237	95.9	2.03e-21	26.259	73	164	129	41	9	N/A
Q00664	B6GY70	444	589	213	200	406	282	469	211	85.9	3.63e-18	30.516	65	117	101	31	6	N/A
Q00664	B6GY70	444	589	216	108	309	366	574	176	72.4	7.66e-14	25.463	55	140	100	21	7	N/A
Q00664	B6GY70	444	589	176	115	276	414	585	148	61.6	1.65e-10	30.682	54	104	80	18	5	N/A
Q00664	B6HRU3	444	521	304	110	399	161	437	223	90.5	7.67e-20	24.013	73	190	133	41	9	N/A
Q00664	B6HRU3	444	521	243	107	336	243	461	209	85.1	4.96e-18	27.160	66	140	106	37	7	N/A
Q00664	B6HRU3	444	521	122	286	406	152	263	138	57.8	3.12e-09	29.508	36	75	60	11	4	N/A
Q00664	B6HQX5	444	316	287	151	427	10	274	215	87.4	2.46e-19	27.526	79	176	127	32	10	N/A
Q00664	B6HQX5	444	316	289	109	384	10	267	183	75.1	3.57e-15	27.682	80	165	130	44	14	N/A
Q00664	B6HQX5	444	316	136	101	232	92	222	115	48.9	1.36e-06	29.412	40	87	66	9	5	N/A
Q00664	B6H0D7	444	1504	296	114	379	1136	1412	221	89.7	3.33e-19	28.716	85	162	127	49	13	N/A
Q00664	B6H0D7	444	1504	354	93	410	894	1212	166	68.6	1.79e-12	27.684	98	185	136	71	13	N/A
Q00664	B6HH67	444	1206	271	113	380	50	284	214	87.0	2.11e-18	27.675	75	157	123	39	9	N/A
Q00664	B6HH67	444	1206	84	322	404	65	146	151	62.8	9.46e-11	38.095	32	49	51	3	3	N/A
Q00664	B6HH67	444	1206	156	225	379	32	165	147	61.2	3.49e-10	25.641	40	93	68	23	3	N/A
Q00664	B6HH67	444	1206	205	109	275	88	283	132	55.5	2.03e-08	25.366	52	106	83	47	6	N/A
Q00664	B6HH67	444	1206	74	331	403	32	103	111	47.4	6.51e-06	37.838	28	43	39	3	3	N/A
Q00664	B6H8Y8	444	452	292	87	377	119	379	208	84.7	5.25e-18	26.027	76	184	119	32	9	N/A
Q00664	B6H8Y8	444	452	319	58	336	128	429	174	71.6	8.52e-14	26.959	86	176	130	57	11	N/A
Q00664	B6H8Y8	444	452	89	321	408	156	240	152	63.2	5.02e-11	41.573	37	47	46	5	2	N/A
Q00664	B6H8Y8	444	452	187	194	379	136	299	133	55.8	1.03e-08	24.064	45	118	81	24	4	N/A
Q00664	B6H8Y8	444	452	157	247	400	145	276	128	53.9	4.18e-08	25.478	40	89	67	28	6	N/A
Q00664	B6H8Y8	444	452	56	335	390	129	183	100	43.1	9.81e-05	35.714	20	35	33	1	1	N/A
Q00664	B6HEH4	444	576	332	92	400	171	467	207	84.3	9.69e-18	27.711	92	182	142	58	17	N/A
Q00664	B6HEH4	444	576	181	104	284	328	496	164	67.8	1.85e-12	29.282	53	116	87	12	6	N/A
Q00664	B6HEH4	444	576	172	106	276	370	528	144	60.1	5.57e-10	27.907	48	110	78	14	5	N/A
Q00664	B6HS50	444	741	265	39	286	390	633	199	81.3	1.06e-16	29.057	77	150	110	38	7	N/A
Q00664	B6HS50	444	741	310	109	402	389	644	172	70.9	2.63e-13	23.548	73	167	121	70	8	N/A
Q00664	B6H294	444	601	286	100	382	168	413	198	80.9	1.47e-16	27.273	78	165	117	43	8	N/A
Q00664	B6H294	444	601	380	72	435	55	381	131	55.1	2.17e-08	20.789	79	232	139	69	12	N/A
Q00664	B6HP61	444	1079	321	114	400	695	980	198	80.9	2.06e-16	25.545	82	170	138	69	15	N/A
Q00664	B6HP61	444	1079	173	104	238	841	1006	139	58.2	3.12e-09	27.746	48	80	76	45	7	N/A
Q00664	B6HHC2	444	665	294	110	401	290	542	197	80.5	2.08e-16	26.190	77	174	133	43	12	N/A
Q00664	B6HHC2	444	665	228	109	332	449	642	166	68.6	1.23e-12	24.123	55	135	105	38	7	N/A
Q00664	B6GZA1	444	673	292	99	348	328	603	190	77.8	1.31e-15	25.342	74	160	122	58	9	N/A
Q00664	B6GZA1	444	673	211	150	359	337	513	149	62.0	1.69e-10	26.540	56	120	88	35	8	N/A
Q00664	B6GZA1	444	673	103	129	230	578	670	102	43.9	8.38e-05	31.068	32	60	50	11	5	N/A
Q00664	B6GZA1	444	673	215	100	292	448	649	98	42.4	2.04e-04	21.860	47	133	81	35	7	N/A
Q00664	B6HKG3	444	361	219	195	384	59	272	184	75.5	3.71e-15	27.397	60	125	98	34	7	N/A
Q00664	B6HKG3	444	361	187	110	292	149	328	140	58.5	1.19e-09	26.203	49	127	83	11	6	N/A
Q00664	B6HLL9	444	655	325	110	377	314	606	186	76.3	4.82e-15	23.077	75	161	129	89	10	N/A
Q00664	B6HLL9	444	655	260	194	401	311	549	104	44.7	4.30e-05	20.769	54	133	106	73	12	N/A
Q00664	B6HKV3	444	370	377	23	380	19	370	182	74.7	6.23e-15	24.934	94	239	161	44	14	N/A
Q00664	B6HKV3	444	370	313	165	443	36	323	159	65.9	4.59e-12	23.962	75	179	121	59	11	N/A
Q00664	B6H7N5	444	317	249	151	393	70	303	177	72.8	2.07e-14	23.695	59	169	105	21	7	N/A
Q00664	B6H7N5	444	317	168	217	380	5	147	124	52.4	9.85e-08	23.214	39	100	71	29	5	N/A
Q00664	B6HRL9	444	872	178	109	283	92	266	179	73.6	3.89e-14	26.966	48	124	90	6	6	N/A
Q00664	B6HRL9	444	872	223	129	345	70	266	154	63.9	3.72e-11	21.076	47	144	95	32	5	N/A
Q00664	B6HRL9	444	872	273	110	376	9	255	152	63.2	7.29e-11	23.443	64	177	112	32	8	N/A
Q00664	B6HRL9	444	872	124	322	444	69	169	104	44.7	5.24e-05	20.161	25	75	53	24	3	N/A
Q00664	B6HRL9	444	872	202	194	390	48	226	99	42.7	1.90e-04	21.782	44	130	88	28	9	N/A
Q00664	B6HR36	444	785	281	147	389	5	272	176	72.4	8.33e-14	25.623	72	158	123	51	11	N/A
Q00664	B6H104	444	1617	297	105	396	1072	1333	175	72.0	1.35e-13	25.589	76	181	134	40	12	N/A
Q00664	B6H104	444	1617	205	115	297	1244	1441	141	58.9	2.09e-09	27.317	56	120	92	29	7	N/A
Q00664	B6H104	444	1617	207	193	390	988	1162	110	47.0	8.92e-06	24.638	51	115	83	41	8	N/A
Q00664	B6HBU6	444	702	212	167	377	464	648	171	70.5	3.64e-13	25.943	55	129	89	28	5	N/A
Q00664	B6HBU6	444	702	171	108	278	492	653	129	54.3	4.51e-08	25.731	44	118	77	9	5	N/A
Q00664	B6HVD6	444	946	171	109	273	109	275	169	69.7	6.25e-13	33.333	57	104	82	10	5	N/A
Q00664	B6HVD6	444	946	246	147	377	11	234	149	62.0	1.63e-10	26.423	65	144	108	37	11	N/A
Q00664	B6HVD6	444	946	431	101	444	193	601	140	58.5	2.07e-09	21.578	93	229	162	109	16	N/A
Q00664	B6HVD6	444	946	268	217	444	417	670	133	55.8	1.68e-08	23.134	62	152	109	54	11	N/A
Q00664	B6HVD6	444	946	304	104	348	507	809	125	52.8	1.26e-07	26.974	82	162	113	60	10	N/A
Q00664	B6H1F1	444	447	308	113	376	65	353	166	68.6	9.85e-13	29.221	90	155	132	63	16	N/A
Q00664	B6H1F1	444	447	183	101	278	180	359	124	52.4	1.43e-07	26.776	49	126	85	8	4	N/A
Q00664	B6GWQ9	444	1602	322	129	407	1071	1366	163	67.4	4.09e-12	26.087	84	169	135	69	15	N/A
Q00664	B6GWQ9	444	1602	303	100	389	918	1177	146	60.8	4.78e-10	24.092	73	174	131	56	13	N/A
Q00664	B6HV79	444	819	283	101	377	310	561	162	67.0	4.36e-12	24.735	70	176	122	37	10	N/A
Q00664	B6HV79	444	819	231	110	290	358	578	146	60.8	4.01e-10	22.944	53	118	96	60	8	N/A
Q00664	B6H6M6	444	955	233	129	340	87	305	161	66.6	6.02e-12	24.893	58	140	97	35	9	N/A
Q00664	B6H6M6	444	955	280	109	381	494	719	141	58.9	1.81e-09	22.500	63	156	112	61	9	N/A
Q00664	B6H6M6	444	955	99	321	418	85	182	101	43.5	1.20e-04	31.313	31	66	44	2	2	N/A
Q00664	B6HF87	444	521	311	101	378	221	520	157	65.1	1.32e-11	23.151	72	195	125	44	10	N/A
Q00664	B6HF87	444	521	231	250	444	252	477	150	62.4	8.88e-11	28.139	65	125	95	41	8	N/A
Q00664	B6HER9	444	309	243	160	383	19	257	152	63.2	2.57e-11	26.337	64	156	106	23	7	N/A
Q00664	B6HER9	444	309	241	129	335	28	248	111	47.4	3.87e-06	27.386	66	121	104	54	11	N/A
Q00664	B6HJR3	444	1014	261	154	389	22	258	156	64.7	2.66e-11	24.138	63	149	116	49	11	N/A
Q00664	B6HJR3	444	1014	209	87	290	58	264	125	52.8	1.31e-07	23.923	50	152	91	7	5	N/A
Q00664	B6HJR3	444	1014	205	168	366	96	279	124	52.4	1.90e-07	25.366	52	126	83	27	5	N/A
Q00664	B6HCC1	444	583	267	146	406	232	473	147	61.2	2.73e-10	23.970	64	172	103	31	7	N/A
Q00664	B6HCC1	444	583	184	109	286	328	506	144	60.1	5.81e-10	25.000	46	127	79	11	4	N/A
Q00664	B6HVD2	444	606	165	251	407	234	379	143	59.7	6.96e-10	29.091	48	90	76	27	6	N/A
Q00664	B6HVD2	444	606	124	113	231	225	347	111	47.4	6.71e-06	31.452	39	79	54	6	3	N/A
Q00664	B6HKZ2	444	897	268	117	378	256	495	144	60.1	7.36e-10	25.373	68	166	115	34	13	N/A
Q00664	B6HKZ2	444	897	287	110	378	147	409	143	59.7	9.31e-10	23.693	68	177	111	42	8	N/A
Q00664	B6HKZ2	444	897	198	113	309	337	530	140	58.5	2.09e-09	25.253	50	143	86	5	4	N/A
Q00664	B6HKZ2	444	897	180	109	288	375	551	109	46.6	1.06e-05	26.667	48	129	71	3	3	N/A
Q00664	B6GZJ0	444	595	152	153	286	78	222	134	56.2	9.02e-09	28.947	44	83	66	25	4	N/A
Q00664	B6HKY9	444	443	188	109	277	241	427	132	55.5	1.23e-08	26.064	49	119	83	20	5	N/A
Q00664	B6HKY9	444	443	240	193	383	137	372	110	47.0	6.99e-06	22.500	54	133	92	53	8	N/A
Q00664	B6HKY9	444	443	182	129	298	212	384	107	45.8	1.75e-05	25.824	47	114	87	21	8	N/A
Q00664	B6H765	444	343	184	210	378	147	295	121	51.2	2.29e-07	21.739	40	94	73	50	5	N/A
Q00664	B6H765	444	343	120	118	237	186	301	112	47.8	2.93e-06	29.167	35	81	60	4	3	N/A
Q00664	B6HDC1	444	595	269	115	378	331	572	122	51.6	2.64e-07	24.535	66	171	109	32	9	N/A
Q00664	B6H3B7	444	367	160	129	286	140	296	119	50.4	4.96e-07	28.750	46	109	68	5	3	N/A
Q00664	B6H3B7	444	367	170	213	378	50	200	105	45.1	2.62e-05	22.941	39	108	70	23	3	N/A
Q00664	B6HKZ4	444	329	107	129	234	87	191	116	49.3	9.15e-07	32.710	35	69	54	3	3	N/A
Q00664	B6HKZ4	444	329	149	108	246	12	158	102	43.9	5.44e-05	28.859	43	94	63	12	5	N/A
Q00664	B6HKZ4	444	329	228	193	406	10	212	98	42.4	1.78e-04	22.368	51	138	89	39	5	N/A
Q00664	B6HGF7	444	336	231	152	374	6	217	116	49.3	1.02e-06	25.541	59	145	104	27	9	N/A
Q00664	B6HUE6	444	339	207	172	377	51	233	116	49.3	1.03e-06	23.671	49	133	78	25	5	N/A
Q00664	B6HUE6	444	339	72	117	186	40	110	94	40.8	4.52e-04	30.556	22	47	42	3	2	N/A
Q00664	B6GZR6	444	563	97	201	297	329	423	115	48.9	1.91e-06	29.897	29	66	48	2	2	N/A
Q00681	B6HJE7	1559	1618	1196	65	1192	151	1333	2006	777	0.0	40.134	480	635	674	81	20	N/A
Q00681	B6HJE7	1559	1618	207	1190	1396	1404	1610	588	231	2.45e-61	51.208	106	101	141	0	0	N/A
Q00681	B6H5P8	1559	1855	787	435	1192	626	1411	1900	736	0.0	47.268	372	385	519	30	10	N/A
Q00681	B6H5P8	1559	1855	367	1187	1544	1489	1852	778	304	6.06e-84	44.687	164	191	229	12	7	N/A
Q00681	B6H5P8	1559	1855	387	66	417	136	517	410	162	3.48e-40	32.817	127	220	188	40	8	N/A
Q00681	B6HLN3	1559	2397	418	890	1288	47	398	192	78.6	1.29e-14	25.359	106	227	163	85	14	N/A
Q00681	B6HAT3	1559	3962	393	951	1324	82	435	166	68.6	1.40e-11	24.173	95	240	156	58	14	N/A
Q00681	B6H7Y9	1559	2357	433	943	1357	81	470	162	67.0	3.92e-11	24.018	104	268	169	61	15	N/A
Q00681	B6HTJ0	1559	426	237	997	1228	109	328	158	65.5	6.11e-11	28.270	67	148	101	22	8	N/A
Q00681	B6HW44	1559	3061	457	951	1391	110	530	154	63.9	3.94e-10	24.289	111	294	176	52	17	N/A
Q00681	B6H299	1559	2591	285	1044	1324	180	441	152	63.2	6.16e-10	23.860	68	190	120	27	9	N/A
Q00681	B6H6U0	1559	1783	257	1049	1303	208	444	150	62.4	1.06e-09	28.405	73	162	106	22	6	N/A
Q00681	B6H5P9	1559	3917	351	951	1278	86	393	142	59.3	1.04e-08	26.211	92	193	136	66	15	N/A
Q00681	B6H4F6	1559	2526	384	951	1324	113	457	136	57.0	5.22e-08	25.000	96	239	151	49	15	N/A
Q00681	B6HNK3	1559	2581	288	1046	1324	178	433	133	55.8	1.05e-07	23.611	68	179	120	41	8	N/A
Q00681	B6HN54	1559	2218	341	951	1288	96	403	133	55.8	1.11e-07	22.287	76	229	131	36	8	N/A
Q00681	B6GZF8	1559	2715	389	946	1317	78	419	133	55.8	1.21e-07	23.136	90	235	147	64	13	N/A
Q00681	B6HS84	1559	1776	353	951	1280	108	406	129	54.3	2.96e-07	23.796	84	192	126	77	9	N/A
Q00681	B6HN77	1559	2664	235	1044	1276	582	795	121	51.2	2.83e-06	22.553	53	159	86	23	3	N/A
Q00681	B6HLV9	1559	2365	405	915	1288	71	436	112	47.8	3.32e-05	21.728	88	247	151	70	14	N/A
Q00681	B6HV32	1559	2496	262	1044	1302	538	777	101	43.5	5.73e-04	20.611	54	183	101	25	5	N/A
P29429	B6HIG8	110	125	98	12	109	27	124	322	128	4.45e-40	60.204	59	39	77	0	0	N/A
P29429	B6GW70	110	106	100	10	109	6	105	287	115	4.99e-35	50.000	50	50	76	0	0	N/A
P29429	B6HV00	110	107	92	19	110	16	107	277	111	1.72e-33	56.522	52	40	67	0	0	N/A
P29429	B6HBC0	110	331	102	10	108	6	106	194	79.3	3.18e-19	41.176	42	56	59	4	2	N/A
P29429	B6HKR6	110	589	102	10	109	187	288	124	52.4	1.74e-09	27.451	28	72	55	2	2	N/A
P29429	B6HKS6	110	365	79	14	88	32	108	116	49.3	2.29e-08	35.443	28	45	41	6	3	N/A
P29429	B6HK48	110	515	91	16	102	374	464	99	42.7	3.75e-06	29.670	27	60	47	4	2	N/A
P29429	B6HK48	110	515	62	26	85	49	110	86	37.7	2.38e-04	30.645	19	41	30	2	1	N/A
P29429	B6HGD1	110	230	69	31	95	76	144	90	39.3	5.09e-05	30.435	21	44	34	4	1	N/A
P29429	B6HRM1	110	720	83	9	90	259	340	88	38.5	1.34e-04	24.096	20	61	40	2	2	N/A
P29429	B6GWY3	110	290	95	10	97	7	101	84	37.0	3.53e-04	24.211	23	65	43	7	2	N/A
G5EB87	B6H267	344	422	395	12	343	38	416	607	238	9.98e-76	38.734	153	163	201	79	10	N/A
Q5BBM1	B6HQN4	524	268	279	225	499	1	256	715	280	1.29e-91	55.914	156	96	185	27	5	N/A
Q5BBM1	B6H3B2	524	561	52	253	301	30	81	128	53.9	6.18e-08	46.154	24	25	37	3	1	N/A
Q5BBM1	B6HQ74	524	390	79	424	502	62	134	120	50.8	4.40e-07	37.975	30	43	42	6	2	N/A
Q5BBM1	B6HU70	524	361	67	253	302	52	118	99	42.7	1.52e-04	32.836	22	28	33	17	1	N/A
Q00674	B6GZ16	263	248	248	17	263	3	248	535	210	2.27e-68	41.532	103	142	156	3	3	N/A
Q00674	B6HW27	263	238	229	18	243	7	232	340	135	2.87e-39	34.934	80	143	128	6	3	N/A
Q00674	B6HDX3	263	256	252	13	256	2	250	321	128	3.00e-36	33.333	84	157	136	11	6	N/A
Q00674	B6HAS3	263	184	109	19	112	5	112	128	53.9	3.78e-09	37.615	41	52	57	16	5	N/A
Q00674	B6GZU5	263	253	205	20	219	4	205	129	54.3	4.81e-09	23.902	49	148	89	8	4	N/A
Q00674	B6HF79	263	253	239	20	253	4	230	126	53.1	1.22e-08	24.686	59	163	101	17	6	N/A
Q00674	B6H9F7	263	266	264	20	253	4	257	119	50.4	1.09e-07	25.758	68	156	115	40	11	N/A
Q00674	B6HL68	263	304	294	14	261	11	297	109	46.6	2.44e-06	24.150	71	170	116	53	12	N/A
Q00674	B6GX91	263	277	198	19	212	4	187	97	42.0	6.59e-05	24.747	49	131	85	18	8	N/A
Q00674	B6HUQ2	263	312	218	19	212	30	242	91	39.7	4.58e-04	23.853	52	137	95	29	9	N/A
P10653	B6H3L7	447	447	446	1	446	1	446	2233	864	0.0	93.722	418	28	434	0	0	N/A
P10653	B6HSX8	447	450	456	1	440	1	449	895	349	3.87e-117	39.474	180	253	265	23	4	N/A
P10653	B6HA43	447	452	444	3	435	4	447	879	343	1.04e-114	39.865	177	256	262	11	4	N/A
P10653	B6GWY6	447	448	444	3	435	4	447	857	334	1.88e-111	38.964	173	260	255	11	2	N/A
P10653	B6H521	447	469	437	2	423	15	449	795	310	7.95e-102	35.469	155	265	257	17	9	N/A
Q5BDP1	B6H7J0	821	833	835	1	821	1	833	3680	1422	0.0	87.186	728	91	761	16	6	N/A
Q5BDP1	B6HQ81	821	4045	357	468	819	3689	4045	933	363	6.63e-108	48.739	174	178	249	5	3	N/A
Q5BDP1	B6H8U9	821	1195	386	469	819	826	1193	408	161	5.47e-41	30.052	116	217	180	53	10	N/A
Q5BDP1	B6H843	821	1224	404	468	818	825	1221	343	136	4.33e-33	28.218	114	230	200	60	16	N/A
Q5BDP1	B6GWU7	821	1339	184	638	819	1161	1337	327	130	3.78e-31	37.500	69	106	102	9	3	N/A
Q5BDP1	B6GWU7	821	1339	200	463	652	904	1098	187	76.6	1.71e-14	27.500	55	130	98	15	5	N/A
Q5BDP1	B6GYB2	821	1789	310	549	817	1486	1784	288	115	1.98e-26	29.677	92	166	143	52	11	N/A
Q5BDP1	B6H2R6	821	1060	90	11	100	42	127	112	47.8	1.41e-05	32.222	29	57	46	4	2	N/A
P19815	B6H3K6	151	1430	154	8	146	111	263	286	114	1.21e-30	48.052	74	64	98	16	4	N/A
P19815	B6HBU9	151	1250	99	57	150	120	218	235	95.1	9.21e-24	49.495	49	45	68	5	1	N/A
P19815	B6GWN7	151	1228	87	46	132	1	87	214	87.0	6.24e-21	49.425	43	44	56	0	0	N/A
P19815	B6H373	151	1177	69	57	125	99	167	188	77.0	1.49e-17	56.522	39	30	50	0	0	N/A
P19815	B6HKB9	151	1054	89	60	148	23	110	142	59.3	2.43e-11	38.202	34	54	50	1	1	N/A
Q2U6A1	B6HK40	1006	990	1004	1	1000	1	986	3729	1441	0.0	70.418	707	275	830	22	7	N/A
Q2U6A1	B6HAJ2	1006	906	527	218	691	408	897	347	138	1.74e-33	25.806	136	301	224	90	20	N/A
Q2U6A1	B6H3T7	1006	833	628	162	679	239	816	244	98.6	3.16e-21	23.726	149	319	241	160	25	N/A
Q2U6A1	B6HJG3	1006	1057	506	89	533	35	513	169	69.7	2.97e-12	21.146	107	311	194	88	19	N/A
Q5B630	B6H844	732	734	750	1	732	1	734	2594	1003	0.0	76.133	571	145	613	34	14	N/A
Q5B630	B6GX81	732	496	293	38	293	87	374	312	124	1.75e-30	26.621	78	173	132	42	6	N/A
Q5B630	B6GX81	732	496	468	132	585	93	476	210	85.5	1.26e-17	23.504	110	260	179	98	15	N/A
Q5B630	B6GX81	732	496	91	43	133	310	391	102	43.9	1.28e-04	29.670	27	55	42	9	2	N/A
Q5B630	B6GYJ0	732	366	174	38	210	9	181	272	109	4.24e-26	32.759	57	115	101	2	2	N/A
Q5B630	B6GYJ0	732	366	194	129	320	12	197	218	88.6	4.44e-19	30.412	59	125	104	10	6	N/A
Q5B630	B6GYJ0	732	366	233	225	456	15	181	127	53.5	9.20e-08	21.459	50	116	86	67	4	N/A
Q5B630	B6HEU4	732	1257	248	124	357	881	1120	233	94.4	4.36e-20	28.226	70	156	118	22	6	N/A
Q5B630	B6HEU4	732	1257	237	223	459	887	1058	168	69.3	2.91e-12	24.895	59	113	89	65	5	N/A
Q5B630	B6HEU4	732	1257	153	42	187	887	1035	121	51.2	8.95e-07	23.529	36	106	66	11	3	N/A
Q5B630	B6HRU6	732	456	177	132	301	1	160	198	80.9	2.83e-16	27.684	49	104	91	24	7	N/A
Q5B630	B6HRU6	732	456	139	225	360	1	117	134	56.2	1.63e-08	25.180	35	79	63	25	4	N/A
Q5B630	B6HRU6	732	456	148	44	187	1	141	131	55.1	3.67e-08	22.973	34	103	65	11	4	N/A
Q5B630	B6H9Z4	732	562	177	132	301	175	350	191	78.2	2.92e-15	28.814	51	118	90	8	3	N/A
Q5B630	B6H9Z4	732	562	236	225	455	175	350	111	47.4	1.33e-05	20.763	49	122	90	65	5	N/A
Q5B630	B6H9Z4	732	562	85	34	115	261	344	105	45.1	6.82e-05	30.588	26	55	47	4	2	N/A
Q5B630	B6HG61	732	356	220	129	345	120	331	175	72.0	1.24e-13	25.000	55	154	105	11	5	N/A
Q5B630	B6HG61	732	356	138	223	360	121	244	146	60.8	3.88e-10	28.261	39	85	68	14	2	N/A
Q5B630	B6H668	732	507	177	41	200	251	427	169	69.7	1.26e-12	27.119	48	112	85	17	3	N/A
Q5B630	B6H668	732	507	230	224	452	253	432	152	63.2	1.34e-10	22.174	51	128	96	51	2	N/A
Q5B630	B6H668	732	507	87	37	123	351	437	121	51.2	8.14e-07	33.333	29	58	46	0	0	N/A
Q5B630	B6HLE9	732	604	202	126	314	271	462	169	69.7	1.52e-12	28.218	57	122	97	23	9	N/A
Q5B630	B6HLE9	732	604	153	213	360	265	399	118	50.1	1.96e-06	24.183	37	93	63	23	6	N/A
Q5B630	B6HLE9	732	604	159	42	197	275	433	95	41.2	8.73e-04	20.755	33	123	61	3	2	N/A
Q5B630	B6HKW0	732	408	337	17	301	44	359	164	67.8	3.09e-12	20.772	70	194	131	73	10	N/A
Q5B630	B6HKW0	732	408	263	128	357	58	315	150	62.4	1.96e-10	22.814	60	165	110	38	7	N/A
Q5B630	B6GW69	732	140	80	223	301	2	81	145	60.5	3.47e-11	36.250	29	50	51	1	1	N/A
Q5B630	B6GW69	732	140	42	414	455	40	81	90	39.3	8.09e-04	42.857	18	24	28	0	0	N/A
Q5B630	B6H7F4	732	835	220	127	334	605	819	150	62.4	2.85e-10	22.727	50	153	102	17	3	N/A
Q5B630	B6H7F4	732	835	141	223	357	608	744	113	48.1	8.21e-06	26.241	37	94	66	10	2	N/A
Q5B630	B6H7F4	732	835	377	24	357	286	639	109	46.6	2.64e-05	20.955	79	232	138	66	9	N/A
Q5B630	B6HRZ9	732	724	192	131	301	37	227	149	62.0	4.35e-10	27.083	52	118	96	22	5	N/A
Q5B630	B6HFL4	732	95	80	223	301	2	81	129	54.3	1.83e-09	35.000	28	51	50	1	1	N/A
Q5B630	B6HFL4	732	95	72	132	202	4	75	88	38.5	6.00e-04	34.722	25	46	40	1	1	N/A
Q5B630	B6HFL4	732	95	81	42	122	2	82	88	38.5	6.88e-04	28.395	23	58	38	0	0	N/A
Q5B630	B6HFL4	732	95	128	328	455	4	81	87	38.1	8.28e-04	24.219	31	47	51	50	1	N/A
Q5B630	B6GZQ6	732	332	83	223	304	68	150	134	56.2	1.31e-08	32.530	27	55	49	1	1	N/A
Q5B630	B6HGE9	732	151	81	227	306	3	83	122	51.6	5.96e-08	34.568	28	52	46	1	1	N/A
Q5B630	B6HT47	732	825	382	41	360	186	537	117	49.7	2.48e-06	21.728	83	207	147	92	17	N/A
Q5B630	B6HT47	732	825	122	179	297	457	573	102	43.9	1.74e-04	24.590	30	84	59	8	3	N/A
Q5B630	B6HQ31	732	287	72	214	284	200	269	114	48.5	3.20e-06	31.944	23	46	42	3	2	N/A
Q5B630	B6HEP5	732	369	140	225	355	76	214	113	48.1	4.53e-06	27.143	38	92	69	10	3	N/A
Q5B630	B6HEP5	732	369	98	12	109	157	250	105	45.1	4.97e-05	30.612	30	64	47	4	2	N/A
Q5B630	B6HKW7	732	444	93	132	223	250	338	112	47.8	8.57e-06	29.032	27	61	47	5	2	N/A
Q5B630	B6HKW7	732	444	105	31	135	237	341	104	44.7	7.02e-05	25.714	27	78	48	0	0	N/A
Q5B630	B6HKW7	732	444	132	215	344	240	370	103	44.3	1.02e-04	24.242	32	97	60	3	3	N/A
Q5B630	B6HBG2	732	157	75	225	298	43	117	101	43.5	3.23e-05	30.667	23	51	41	1	1	N/A
Q5B630	B6HK28	732	249	100	130	221	13	110	102	43.9	6.65e-05	30.000	30	60	53	10	4	N/A
Q5B630	B6GWT8	732	348	83	217	298	213	295	103	44.3	8.06e-05	28.916	24	58	43	1	1	N/A
Q5B630	B6HR51	732	279	85	31	115	22	106	102	43.9	8.73e-05	27.059	23	62	42	0	0	N/A
Q5B630	B6HR51	732	279	94	225	317	35	126	97	42.0	3.50e-04	30.851	29	62	48	3	2	N/A
Q5B630	B6HSA1	732	113	82	44	125	13	91	95	41.2	1.17e-04	29.268	24	55	42	3	1	N/A
Q5B630	B6HSA1	732	113	97	132	219	13	107	92	40.0	2.53e-04	29.897	29	57	44	11	2	N/A
Q5B630	B6GX17	732	152	90	223	308	9	98	96	41.6	1.40e-04	25.556	23	63	44	4	1	N/A
Q5B630	B6HIE1	732	495	120	43	142	81	198	100	43.1	2.30e-04	25.833	31	67	54	22	4	N/A
Q5B630	B6HSL3	732	500	60	225	284	399	458	98	42.4	3.78e-04	30.000	18	42	34	0	0	N/A
Q5B630	B6HSC6	732	464	68	43	110	222	289	95	41.2	8.00e-04	25.000	17	51	35	0	0	N/A
Q00743	B6H598	353	353	353	1	353	1	353	1857	719	0.0	97.167	343	10	348	0	0	N/A
Q00743	B6H4Z1	353	356	359	1	353	1	356	887	346	1.24e-118	48.468	174	176	237	9	4	N/A
Q00743	B6HCG1	353	359	355	1	348	1	355	829	323	7.86e-110	45.634	162	186	233	7	4	N/A
Q00743	B6GX03	353	251	176	178	352	78	251	334	133	3.97e-37	37.500	66	107	105	3	2	N/A
Q00743	B6GX03	353	251	73	1	72	12	84	110	47.0	2.29e-06	41.096	30	42	42	1	1	N/A
Q00743	B6H958	353	189	127	148	273	17	133	98	42.4	5.55e-05	25.197	32	84	51	11	2	N/A
Q00743	B6H3X2	353	183	94	179	272	46	129	93	40.4	2.55e-04	27.660	26	58	46	10	1	N/A
Q00743	B6HBP3	353	184	103	170	272	40	130	88	38.5	0.001	25.243	26	65	47	12	2	N/A
Q5BGR2	B6HSJ1	791	787	795	1	785	1	781	2968	1147	0.0	70.818	563	208	659	24	9	N/A
C8VQG9	B6H9U8	374	427	374	18	373	55	425	1237	481	2.57e-170	61.230	229	124	281	21	4	N/A
C8VQG9	B6HFJ6	374	353	297	81	372	61	352	460	181	2.19e-54	36.700	109	178	159	10	7	N/A
C8VQG9	B6HJL8	374	338	290	89	373	43	328	428	169	7.51e-50	33.793	98	183	150	9	6	N/A
C8VQG9	B6HCK5	374	330	299	87	372	42	324	407	161	9.69e-47	34.114	102	168	147	29	7	N/A
C8VQG9	B6HKA2	374	345	295	89	373	40	330	300	120	3.59e-31	32.203	95	186	132	14	9	N/A
C8VQG9	B6HTD4	374	438	298	89	374	127	418	300	120	1.52e-30	31.208	93	187	132	18	8	N/A
C8VQG9	B6HBI9	374	345	298	89	374	45	329	271	108	3.58e-27	29.195	87	186	136	25	11	N/A
C8VQG9	B6H6H4	374	314	283	90	361	40	311	264	106	2.03e-26	28.622	81	180	134	22	12	N/A
C8VQG9	B6HAJ3	374	422	307	88	373	93	391	268	107	2.88e-26	29.642	91	187	131	29	10	N/A
C8VQG9	B6HFK8	374	386	305	90	372	76	369	261	105	1.48e-25	30.492	93	179	137	33	13	N/A
C8VQG9	B6HIR5	374	371	230	150	372	131	356	214	87.0	3.19e-19	26.957	62	157	105	11	7	N/A
C8VQG9	B6HM10	374	280	247	89	328	35	262	156	64.7	5.27e-12	25.101	62	159	107	26	10	N/A
C8VQG9	B6GX38	374	295	185	96	263	25	201	118	50.1	4.01e-07	24.324	45	115	79	25	7	N/A
O60032	B6H4P9	384	383	380	1	378	1	380	1563	606	0.0	76.053	289	89	333	2	2	N/A
P87184	B6HLS3	495	494	498	1	495	1	494	1921	744	0.0	74.699	372	119	428	7	2	N/A
P87184	B6HHN9	495	398	373	28	397	19	360	632	248	7.74e-78	43.432	162	177	223	34	12	N/A
P48457	B6HI67	549	559	554	1	549	1	551	2642	1022	0.0	87.184	483	63	514	8	2	N/A
P48457	B6H960	549	324	278	74	351	25	289	572	224	2.62e-69	38.489	107	158	173	13	2	N/A
P48457	B6HL19	549	325	286	77	360	38	309	545	214	2.50e-65	40.559	116	154	169	16	5	N/A
P48457	B6HIW4	549	323	294	57	349	2	282	528	207	7.82e-63	38.095	112	168	167	14	4	N/A
P48457	B6HCN9	549	541	269	86	351	220	472	534	210	2.52e-61	39.033	105	145	160	19	3	N/A
P48457	B6HND2	549	477	314	58	362	162	461	497	196	1.38e-56	36.306	114	177	170	23	7	N/A
P48457	B6HK37	549	427	137	78	213	17	153	329	131	1.60e-33	45.255	62	74	91	1	1	N/A
P48457	B6HK37	549	427	131	218	345	253	366	192	78.6	8.03e-16	36.641	48	63	69	20	4	N/A
Q2UPI1	B6H7A4	625	607	586	44	623	19	603	2267	877	0.0	72.526	425	154	482	7	4	N/A
Q2UPI1	B6HPP6	625	550	423	59	470	142	545	456	180	1.27e-49	30.024	127	266	206	30	12	N/A
Q2UPI1	B6HFM4	625	524	451	67	472	83	516	385	152	3.55e-40	33.038	149	240	205	62	23	N/A
Q2UPI1	B6HBR0	625	532	484	42	471	63	527	351	139	1.37e-35	27.479	133	278	206	73	15	N/A
Q2UPI1	B6HS28	625	516	401	49	417	58	440	333	132	2.78e-33	31.172	125	226	186	50	17	N/A
Q2UPI1	B6H5K5	625	485	441	64	470	57	479	314	125	6.64e-31	27.438	121	268	199	52	20	N/A
Q2UPI1	B6HJD1	625	564	481	59	476	52	503	277	111	5.49e-26	23.909	115	274	196	92	17	N/A
Q2UPI1	B6HV07	625	518	211	24	227	4	198	237	95.9	4.02e-21	33.649	71	117	105	23	7	N/A
Q2UPI1	B6HV07	625	518	121	300	417	326	437	139	58.2	3.72e-09	30.579	37	72	61	12	4	N/A
Q2UPI1	B6HNT3	625	603	487	68	470	69	531	228	92.4	7.28e-20	25.462	124	255	194	108	21	N/A
Q2UPI1	B6HV80	625	559	496	38	471	42	514	221	89.7	4.38e-19	22.984	114	297	187	85	16	N/A
Q12526	B6HIF1	212	213	213	1	212	1	213	1005	391	3.43e-141	93.427	199	13	208	1	1	N/A
Q12526	B6H2F2	212	244	205	1	182	1	204	511	201	1.25e-65	51.707	106	75	138	24	2	N/A
Q12526	B6HHY0	212	212	209	7	212	5	212	449	177	1.15e-56	43.541	91	114	131	4	3	N/A
Q12526	B6H5C3	212	215	179	11	173	7	184	353	140	3.74e-42	41.341	74	88	109	17	2	N/A
Q12526	B6HX26	212	220	178	11	173	7	184	321	128	3.20e-37	39.888	71	92	97	15	1	N/A
Q12526	B6HFN7	212	187	178	7	183	6	182	312	124	2.73e-36	35.393	63	113	108	2	2	N/A
Q12526	B6HTT5	212	220	178	11	173	7	184	307	122	3.54e-35	38.202	68	95	95	15	1	N/A
Q12526	B6H2W3	212	206	178	10	186	12	187	284	114	6.75e-32	34.831	62	113	102	3	3	N/A
Q12526	B6HTR0	212	209	201	9	206	10	209	246	99.4	2.80e-26	32.338	65	132	101	4	3	N/A
Q12526	B6HKF1	212	205	191	1	179	1	191	244	98.6	5.78e-26	30.890	59	120	105	12	5	N/A
Q12526	B6HEW9	212	258	155	38	169	11	165	230	93.2	1.74e-23	36.774	57	75	76	23	3	N/A
Q12526	B6HKD9	212	208	161	3	162	10	169	222	90.1	1.15e-22	34.161	55	104	88	2	2	N/A
Q12526	B6HTI8	212	193	167	10	162	7	171	211	85.9	2.92e-21	32.335	54	97	87	16	4	N/A
Q12526	B6H456	212	220	170	8	169	17	185	201	82.0	1.41e-19	29.412	50	111	92	9	5	N/A
Q12526	B6HP22	212	214	162	9	169	8	165	195	79.7	9.47e-19	30.247	49	108	88	5	4	N/A
Q12526	B6HKQ1	212	235	212	10	189	16	223	195	79.7	1.30e-18	29.245	62	114	96	36	6	N/A
Q12526	B6GYU8	212	273	265	10	206	10	273	189	77.4	1.78e-17	27.925	74	122	105	69	8	N/A
Q12526	B6H621	212	198	174	10	162	7	171	177	72.8	2.81e-16	29.885	52	92	84	30	4	N/A
Q12526	B6HBV4	212	261	208	2	169	9	215	179	73.6	3.87e-16	25.962	54	113	85	41	3	N/A
Q12526	B6H0T3	212	266	208	8	190	6	208	161	66.6	1.40e-13	28.365	59	119	97	30	8	N/A
Q12526	B6HEI5	212	194	189	10	184	11	188	142	59.3	2.46e-11	27.513	52	112	87	25	7	N/A
Q12526	B6H4Q8	212	197	167	10	162	13	175	131	55.1	7.40e-10	26.347	44	105	77	18	5	N/A
Q12526	B6HKH3	212	333	124	10	128	30	152	125	52.8	1.12e-08	27.419	34	84	56	6	2	N/A
Q12526	B6HFE8	212	213	126	51	167	70	193	100	43.1	1.34e-05	25.397	32	83	60	11	4	N/A
Q12526	B6HRF8	212	183	169	8	171	20	183	95	41.2	5.12e-05	24.260	41	118	69	10	6	N/A
Q6RET3	B6HQI5	1081	1074	1063	17	1079	12	1074	4265	1647	0.0	71.308	758	305	903	0	0	N/A
Q6RET3	B6HBN9	1081	1118	1063	23	1079	70	1114	2675	1035	0.0	46.284	492	547	701	24	6	N/A
Q4WHU1	B6GYX3	403	403	403	1	403	1	403	1842	714	0.0	82.134	331	72	362	0	0	N/A
Q4WHU1	B6HQK0	403	407	410	8	402	2	407	1177	457	4.97e-161	55.610	228	163	294	19	7	N/A
Q8TFN0	B6HK84	153	153	148	4	151	6	153	642	251	1.05e-87	79.730	118	30	126	0	0	N/A
P11977	B6H903	421	417	419	1	419	1	417	1867	723	0.0	85.442	358	59	388	2	1	N/A
Q4WUR1	B6HI67	534	559	536	1	526	25	556	2606	1008	0.0	89.552	480	42	502	14	3	N/A
Q4WUR1	B6H960	534	324	278	50	327	25	289	571	224	2.86e-69	38.489	107	158	174	13	2	N/A
Q4WUR1	B6HL19	534	325	305	35	336	19	309	550	216	3.40e-66	39.672	121	167	175	17	6	N/A
Q4WUR1	B6HIW4	534	323	294	33	325	2	282	526	207	1.16e-62	37.755	111	169	166	14	3	N/A
Q4WUR1	B6HCN9	534	541	276	54	327	212	472	536	211	9.58e-62	38.043	105	154	163	17	3	N/A
Q4WUR1	B6HND2	534	477	318	34	342	162	465	505	199	6.72e-58	37.107	118	177	171	23	7	N/A
Q4WUR1	B6HK37	534	427	137	54	189	17	153	333	132	3.34e-34	45.255	62	74	92	1	1	N/A
Q4WUR1	B6HK37	534	427	131	194	321	253	366	191	78.2	1.04e-15	35.878	47	64	69	20	4	N/A
Q00202	B6HBT4	678	643	619	73	677	55	642	1812	702	0.0	65.105	403	171	448	45	19	N/A
Q00202	B6HSC2	678	440	111	64	165	90	200	135	56.6	1.15e-08	28.829	32	70	48	9	1	N/A
Q00202	B6H432	678	810	53	113	165	478	530	131	55.1	5.78e-08	37.736	20	33	32	0	0	N/A
Q00202	B6H9E6	678	499	116	61	167	28	135	117	49.7	2.03e-06	30.172	35	64	53	17	6	N/A
Q00202	B6H0Y4	678	694	52	113	164	567	618	116	49.3	2.79e-06	34.615	18	34	29	0	0	N/A
Q00202	B6H9A9	678	269	117	100	209	150	265	112	47.8	4.09e-06	29.060	34	75	47	8	2	N/A
Q00202	B6H9H6	678	958	47	119	165	19	65	110	47.0	1.83e-05	38.298	18	29	28	0	0	N/A
Q00202	B6H1U9	678	760	59	113	171	522	580	109	46.6	1.83e-05	33.898	20	39	28	0	0	N/A
Q00202	B6HAG6	678	290	101	72	161	144	244	107	45.8	1.95e-05	30.693	31	59	43	11	4	N/A
Q00202	B6HUR1	678	297	93	74	164	7	93	106	45.4	2.39e-05	29.032	27	58	37	8	2	N/A
Q00202	B6HVI6	678	303	81	73	151	6	80	103	44.3	6.15e-05	29.630	24	49	31	8	2	N/A
Q00202	B6HBB8	678	555	54	119	171	448	501	104	44.7	6.99e-05	33.333	18	35	31	1	1	N/A
Q00202	B6HMJ1	678	874	50	111	160	19	66	104	44.7	7.52e-05	34.000	17	31	28	2	1	N/A
Q00202	B6HM41	678	892	65	119	183	87	150	103	44.3	1.02e-04	33.846	22	42	31	1	1	N/A
Q00202	B6HH25	678	411	50	119	166	67	116	99	42.7	2.82e-04	38.000	19	29	25	2	1	N/A
Q00202	B6HN68	678	613	46	119	164	243	288	99	42.7	2.82e-04	36.957	17	29	24	0	0	N/A
Q00202	B6GXY0	678	463	147	28	164	157	297	98	42.4	3.42e-04	25.170	37	94	56	16	3	N/A
Q00202	B6GXY0	678	463	116	58	167	162	272	96	41.6	5.60e-04	28.448	33	72	51	11	5	N/A
Q00202	B6HKF7	678	410	52	112	163	4	55	95	41.2	8.69e-04	30.769	16	36	26	0	0	N/A
Q9P419	B6H4Y0	379	347	349	1	348	1	335	1562	606	0.0	85.100	297	37	313	15	3	N/A
Q9P419	B6H467	379	365	367	1	365	1	352	1241	482	6.74e-172	60.763	223	127	283	17	3	N/A
Q9P419	B6H360	379	369	368	1	365	1	350	1017	396	8.74e-138	53.261	196	151	251	21	5	N/A
Q9P419	B6GW60	379	348	356	1	348	1	336	950	370	6.04e-128	52.247	186	142	236	28	4	N/A
Q9P419	B6HPM1	379	354	354	13	352	15	353	734	287	2.87e-95	44.068	156	169	221	29	8	N/A
Q9P419	B6HS72	379	422	360	8	354	11	354	690	270	1.26e-87	41.944	151	180	212	29	9	N/A
Q9P419	B6GXX8	379	394	344	1	323	14	324	421	166	4.63e-48	31.977	110	180	186	54	15	N/A
Q9P419	B6GZN7	379	365	310	18	318	49	335	414	164	2.30e-47	34.516	107	171	164	32	8	N/A
Q9P419	B6GZZ5	379	322	321	20	313	4	305	379	150	9.21e-43	32.087	103	172	159	46	8	N/A
Q9P419	B6HFM6	379	324	317	20	313	4	302	364	144	1.73e-40	32.808	104	172	152	41	7	N/A
Q9P419	B6HQ24	379	500	224	20	237	140	362	364	144	4.31e-39	36.607	82	135	129	7	4	N/A
Q9P419	B6HFP2	379	537	338	3	316	10	329	355	141	1.01e-37	31.065	105	191	161	42	8	N/A
Q9P419	B6HF08	379	404	234	13	236	57	288	343	136	8.09e-37	35.897	84	138	129	12	7	N/A
Q9P419	B6HKY3	379	1078	301	26	313	719	998	330	131	1.03e-33	33.555	101	166	148	34	8	N/A
Q9P419	B6GWR8	379	760	253	19	233	22	271	314	125	1.23e-31	31.621	80	132	130	41	7	N/A
Q9P419	B6H2R8	379	423	354	3	314	20	367	307	122	1.37e-31	28.249	100	206	159	48	10	N/A
Q9P419	B6H3P1	379	886	226	18	234	342	565	297	119	1.75e-29	34.513	78	137	116	11	5	N/A
Q9P419	B6HF70	379	1392	313	19	313	986	1283	287	115	4.24e-28	27.796	87	193	150	33	9	N/A
Q9P419	B6HFA6	379	335	204	118	315	126	319	246	99.4	9.72e-24	26.961	55	133	114	16	6	N/A
Q9P419	B6HIQ2	379	659	352	16	313	291	635	251	101	1.33e-23	25.568	90	201	146	61	8	N/A
Q9P419	B6H4T6	379	825	341	16	315	500	823	252	101	1.44e-23	28.446	97	186	146	58	12	N/A
Q9P419	B6H355	379	393	270	64	314	143	391	233	94.4	1.26e-21	28.519	77	153	121	40	9	N/A
Q9P419	B6GXD7	379	564	199	23	217	23	219	231	93.6	4.41e-21	32.663	65	128	101	6	5	N/A
Q9P419	B6HGS0	379	531	272	13	252	238	509	229	92.8	7.93e-21	29.779	81	159	120	32	8	N/A
Q9P419	B6HMW4	379	639	224	3	214	10	218	228	92.4	1.30e-20	29.018	65	132	108	27	8	N/A
Q9P419	B6H3M0	379	1342	288	16	268	1019	1304	228	92.4	1.94e-20	27.083	78	173	131	37	7	N/A
Q9P419	B6HTA0	379	1342	191	26	212	70	257	226	91.7	3.27e-20	33.508	64	120	96	7	7	N/A
Q9P419	B6H1E8	379	894	254	23	259	497	737	223	90.5	7.54e-20	27.953	71	153	115	30	6	N/A
Q9P419	B6HF11	379	635	206	19	214	266	470	219	89.0	1.88e-19	31.068	64	131	102	11	6	N/A
Q9P419	B6HMJ2	379	892	239	26	234	618	851	219	89.0	2.04e-19	25.523	61	143	110	35	6	N/A
Q9P419	B6HW35	379	1257	262	26	260	110	365	219	89.0	2.23e-19	26.718	70	159	121	33	6	N/A
Q9P419	B6HRL8	379	642	244	23	256	302	540	216	87.8	4.09e-19	27.869	68	161	115	15	7	N/A
Q9P419	B6GYB7	379	442	206	13	210	50	251	214	87.0	4.77e-19	31.553	65	129	104	12	8	N/A
Q9P419	B6GYB5	379	854	211	26	216	56	265	215	87.4	6.31e-19	27.488	58	132	109	21	7	N/A
Q9P419	B6HEU0	379	790	199	19	210	65	259	213	86.7	1.07e-18	32.663	65	123	101	11	5	N/A
Q9P419	B6H4J4	379	1048	203	26	210	172	371	211	85.9	2.34e-18	32.020	65	117	103	21	7	N/A
Q9P419	A7KAL2	379	960	310	19	269	21	323	210	85.5	2.95e-18	25.806	80	164	123	66	8	N/A
Q9P419	B6GYG6	379	1029	286	7	258	225	506	207	84.3	6.43e-18	23.776	68	180	127	38	9	N/A
Q9P419	B6H2J8	379	407	202	24	214	135	331	204	83.2	7.16e-18	29.703	60	126	104	16	8	N/A
Q9P419	B6GYF2	379	402	270	19	273	16	276	202	82.4	1.38e-17	28.519	77	169	127	24	12	N/A
Q9P419	B6H4M3	379	1561	193	66	242	1324	1509	205	83.6	1.52e-17	30.052	58	112	90	23	6	N/A
Q9P419	B6HMA9	379	662	199	20	214	11	203	201	82.0	3.55e-17	27.638	55	134	99	10	6	N/A
Q9P419	B6H407	379	574	218	26	233	220	435	200	81.6	4.06e-17	29.358	64	142	107	12	8	N/A
Q9P419	B6HBR3	379	604	234	19	214	98	329	199	81.3	5.02e-17	27.350	64	130	109	40	8	N/A
Q9P419	B6HJ11	379	589	203	15	212	3	201	199	81.3	5.49e-17	27.586	56	138	101	9	6	N/A
Q9P419	B6HC41	379	814	237	26	229	257	484	198	80.9	8.28e-17	27.426	65	130	108	42	9	N/A
Q8J0L4	B6HL48	427	485	485	1	427	1	485	1453	564	0.0	64.742	314	113	362	58	5	N/A
P10652	B6H2A4	274	276	274	1	273	1	274	1095	426	9.73e-153	74.818	205	68	232	1	1	N/A
P10652	B6H9Z7	274	418	128	18	120	11	138	152	63.2	1.19e-11	32.031	41	62	64	25	3	N/A
Q5ATP7	B6HP77	182	182	183	1	181	1	181	531	209	6.08e-70	63.388	116	63	137	4	4	N/A
P11803	B6HMK8	359	2246	328	29	348	1940	2240	187	76.6	2.43e-15	26.829	88	205	139	35	10	N/A
O74252	B6H0Y4	692	694	704	1	692	1	694	2506	969	0.0	72.159	508	174	569	22	11	N/A
O74252	B6HBB8	692	555	99	546	643	428	516	185	75.9	1.28e-14	44.444	44	44	56	11	4	N/A
O74252	B6HMJ1	692	874	55	561	615	17	69	171	70.5	8.58e-13	54.545	30	23	41	2	1	N/A
O74252	B6HH25	692	411	58	562	617	60	115	165	68.2	2.23e-12	53.448	31	23	38	4	2	N/A
O74252	B6H853	692	832	51	566	616	6	54	164	67.8	5.59e-12	56.863	29	20	37	2	1	N/A
O74252	B6HIV5	692	775	69	560	628	19	85	161	66.6	1.20e-11	44.928	31	36	38	2	1	N/A
O74252	B6HJY4	692	1164	51	564	614	58	106	162	67.0	1.21e-11	52.941	27	22	37	2	1	N/A
O74252	B6HM41	692	892	112	571	676	87	177	160	66.2	1.92e-11	35.714	40	45	57	27	4	N/A
O74252	B6HM74	692	831	54	562	615	24	76	155	64.3	8.05e-11	53.704	29	24	37	1	1	N/A
O74252	B6GVZ2	692	433	65	561	623	318	382	150	62.4	1.87e-10	44.615	29	34	42	2	1	N/A
O74252	B6HNF6	692	776	51	570	620	23	73	146	60.8	8.27e-10	50.980	26	25	31	0	0	N/A
O74252	B6HSC2	692	440	59	562	620	145	203	144	60.1	8.54e-10	44.068	26	33	36	0	0	N/A
O74252	B6HSC2	692	440	53	570	620	123	175	100	43.1	2.09e-04	37.736	20	31	27	2	1	N/A
O74252	B6HKE4	692	1035	52	571	622	42	93	146	60.8	9.59e-10	48.077	25	27	34	0	0	N/A
O74252	B6HKF7	692	410	58	566	623	6	63	139	58.2	3.19e-09	37.931	22	36	35	0	0	N/A
O74252	B6GVT0	692	291	54	561	612	181	234	136	57.0	5.16e-09	46.296	25	27	34	2	1	N/A
O74252	B6GY36	692	661	45	568	612	110	153	138	57.8	6.50e-09	55.556	25	19	30	1	1	N/A
O74252	B6HWP2	692	345	54	561	612	235	288	135	56.6	9.21e-09	46.296	25	27	34	2	1	N/A
O74252	B6HN68	692	613	45	570	614	270	314	137	57.4	9.76e-09	48.889	22	23	30	0	0	N/A
O74252	B6HN68	692	613	59	562	620	236	292	123	52.0	4.23e-07	37.288	22	35	33	2	1	N/A
O74252	B6HWW1	692	567	54	561	612	457	510	136	57.0	1.25e-08	46.296	25	27	35	2	1	N/A
O74252	B6HQW3	692	402	106	561	657	302	400	134	56.2	1.27e-08	32.075	34	56	50	16	2	N/A
O74252	B6H9A9	692	269	51	571	621	168	218	131	55.1	1.58e-08	45.098	23	28	27	0	0	N/A
O74252	B6GXY0	692	463	90	561	645	212	301	134	56.2	1.71e-08	28.889	26	59	47	5	2	N/A
O74252	B6HJC7	692	313	60	561	618	65	124	131	55.1	2.04e-08	43.333	26	32	35	2	1	N/A
O74252	B6HRT1	692	305	65	561	623	35	99	131	55.1	2.07e-08	38.462	25	38	36	2	1	N/A
O74252	B6HTB9	692	700	46	571	616	24	69	132	55.5	3.42e-08	43.478	20	26	29	0	0	N/A
O74252	B6H9H6	692	958	52	571	622	19	70	132	55.5	4.46e-08	44.231	23	29	33	0	0	N/A
O74252	B6HWU0	692	390	53	561	612	281	333	128	53.9	6.94e-08	47.170	25	27	33	1	1	N/A
O74252	B6GYC4	692	347	63	561	621	279	339	127	53.5	8.99e-08	34.921	22	37	37	4	2	N/A
O74252	B6HFR7	692	725	44	571	614	23	66	129	54.3	9.97e-08	50.000	22	22	30	0	0	N/A
O74252	B6GW65	692	405	49	566	614	25	73	126	53.1	1.22e-07	42.857	21	28	29	0	0	N/A
O74252	B6GY22	692	827	120	571	687	65	183	128	53.9	1.27e-07	30.000	36	80	61	4	2	N/A
O74252	B6HUR1	692	297	67	556	620	1	67	125	52.8	1.27e-07	40.299	27	38	35	2	1	N/A
O74252	B6HUR1	692	297	62	561	620	36	97	112	47.8	4.52e-06	40.323	25	35	37	2	1	N/A
O74252	B6HUR1	692	297	55	561	613	66	120	100	43.1	1.34e-04	40.000	22	31	29	2	1	N/A
O74252	B6H1U9	692	760	50	571	620	528	577	128	53.9	1.31e-07	40.000	20	30	31	0	0	N/A
O74252	B6HRM6	692	518	97	516	612	201	279	126	53.1	1.52e-07	34.021	33	46	43	18	2	N/A
O74252	B6H881	692	559	59	562	620	423	479	122	51.6	5.41e-07	38.983	23	34	34	2	1	N/A
O74252	B6H881	692	559	48	571	616	458	505	99	42.7	2.66e-04	43.750	21	25	26	2	1	N/A
O74252	B6HVI6	692	303	67	556	620	1	67	119	50.4	6.66e-07	37.313	25	40	33	2	1	N/A
O74252	B6HG00	692	404	59	566	624	14	72	116	49.3	2.44e-06	37.288	22	37	29	0	0	N/A
O74252	B6H993	692	392	63	561	617	141	203	115	48.9	3.17e-06	39.683	25	32	38	6	3	N/A
O74252	B6HD73	692	775	57	562	616	21	77	116	49.3	3.31e-06	36.842	21	34	29	2	1	N/A
O74252	B6H9E6	692	499	68	555	621	40	107	114	48.5	4.87e-06	33.824	23	44	37	1	1	N/A
O74252	B6H9P8	692	750	58	561	615	16	70	113	48.1	7.44e-06	43.103	25	27	33	6	3	N/A
O74252	B6GZI2	692	182	52	571	622	22	73	107	45.8	8.05e-06	38.462	20	32	32	0	0	N/A
O74252	B6HW94	692	305	59	560	616	206	264	109	46.6	1.17e-05	37.288	22	35	31	2	1	N/A
O74252	B6HBT4	692	643	52	565	616	95	146	110	47.0	1.49e-05	30.769	16	36	28	0	0	N/A
O74252	B6HM83	692	366	67	558	623	277	341	108	46.2	1.88e-05	37.313	25	39	37	3	2	N/A
O74252	B6HX35	692	305	59	560	616	206	264	106	45.4	2.62e-05	37.288	22	35	32	2	1	N/A
O42631	B6HKG5	590	618	618	1	589	1	616	2084	807	0.0	66.667	412	175	465	31	9	N/A
O42631	B6HAX0	590	199	118	364	469	5	120	320	127	3.10e-34	60.169	71	33	79	14	3	N/A
O43100	B6HGC6	481	473	444	4	447	8	441	1959	759	0.0	82.883	368	66	397	10	3	N/A
O43100	B6HKS9	481	392	111	88	182	68	171	112	47.8	3.71e-06	27.928	31	57	50	23	3	N/A
Q00757	B6H2Y8	916	915	923	1	916	1	915	4163	1608	0.0	87.216	805	103	849	15	8	N/A
Q00757	B6HPE0	916	908	882	40	916	57	908	3374	1304	0.0	71.088	627	220	723	35	7	N/A
Q00757	B6HVG5	916	889	787	131	916	107	889	3048	1178	0.0	69.886	550	232	662	5	5	N/A
Q00757	B6HED0	916	914	937	8	904	31	906	1622	629	0.0	40.128	376	460	540	101	28	N/A
Q00757	B6H3G7	916	1014	784	138	903	206	935	1539	597	0.0	42.985	337	375	475	72	22	N/A
Q00757	B6GXQ2	916	1851	263	307	560	1330	1575	199	81.3	9.08e-16	28.517	75	162	113	26	9	N/A
Q00757	B6H038	916	1202	183	372	549	853	1024	191	78.2	6.48e-15	32.787	60	107	92	16	7	N/A
Q00757	B6GXQ3	916	1757	247	372	610	1217	1416	163	67.4	1.57e-11	28.745	71	121	102	55	10	N/A
Q00757	B6H376	916	762	127	423	548	329	444	120	50.8	1.35e-06	26.772	34	81	57	12	3	N/A
P30584	B6H3G7	1013	1014	1020	8	1013	8	1014	4052	1565	0.0	76.176	777	216	869	27	11	N/A
P30584	B6HED0	1013	914	915	100	954	26	913	1921	744	0.0	45.027	412	416	554	87	25	N/A
P30584	B6HPE0	1013	908	786	208	939	121	892	1476	573	0.0	40.967	322	396	469	68	20	N/A
P30584	B6H2Y8	1013	915	769	224	938	144	898	1475	572	0.0	41.612	320	381	453	68	19	N/A
P30584	B6HVG5	1013	889	739	256	950	162	888	1458	566	0.0	42.355	313	370	445	56	18	N/A
P30584	B6H038	1013	1202	220	438	647	854	1058	190	77.8	1.05e-14	29.545	65	130	108	25	8	N/A
P30584	B6GXQ2	1013	1851	356	291	609	1236	1566	189	77.4	1.75e-14	25.562	91	203	143	62	15	N/A
P30584	B6H376	1013	762	163	465	626	311	459	151	62.8	3.67e-10	28.834	47	101	74	15	5	N/A
P30584	B6GXQ3	1013	1757	192	439	625	1219	1394	143	59.7	4.47e-09	28.646	55	116	87	21	7	N/A
Q00646	B6GZZ5	323	322	323	1	323	1	322	1510	586	0.0	86.687	280	42	301	1	1	N/A
Q00646	B6HFM6	323	324	319	1	319	1	315	1332	517	0.0	77.429	247	68	280	4	3	N/A
Q00646	B6GZN7	323	365	304	3	306	50	333	820	320	7.08e-109	50.987	155	129	215	20	5	N/A
Q00646	B6HF08	323	404	311	2	306	62	354	566	222	3.16e-70	39.871	124	163	171	24	4	N/A
Q00646	B6HFP2	323	537	326	1	306	22	326	527	207	5.39e-63	37.730	123	162	182	41	7	N/A
Q00646	B6HQ24	323	500	325	1	308	137	434	509	200	1.19e-60	36.615	119	162	179	44	6	N/A
Q00646	B6H2R8	323	423	353	2	309	35	369	490	193	1.24e-58	33.144	117	173	181	63	8	N/A
Q00646	B6HKY3	323	1078	303	10	306	719	998	511	201	2.51e-58	39.604	120	154	171	29	8	N/A
Q00646	B6H467	323	365	308	2	306	18	299	453	179	8.19e-54	34.091	105	174	165	29	5	N/A
Q00646	B6HPM1	323	354	316	2	307	20	311	414	164	3.55e-48	33.228	105	177	166	34	7	N/A
Q00646	B6H4Y0	323	347	307	4	306	20	300	414	164	3.56e-48	33.225	102	175	161	30	6	N/A
Q00646	B6HS72	323	422	316	2	307	21	315	414	164	1.73e-47	32.595	103	182	159	31	7	N/A
Q00646	B6GXX8	323	394	308	3	306	34	318	381	151	6.67e-43	31.494	97	184	163	27	9	N/A
Q00646	B6H355	323	393	273	45	306	139	390	373	148	7.95e-42	34.066	93	148	139	32	7	N/A
Q00646	B6H360	323	369	308	2	305	18	296	366	145	6.21e-41	31.818	98	177	149	33	6	N/A
Q00646	B6GW60	323	348	309	2	305	18	300	358	142	5.21e-40	31.715	98	180	148	31	6	N/A
Q00646	B6GWR8	323	760	351	2	306	21	349	330	131	2.09e-34	29.915	105	178	169	68	13	N/A
Q00646	B6HFA6	323	335	321	1	306	29	317	315	125	7.41e-34	28.037	90	184	159	47	10	N/A
Q00646	B6HEU0	323	790	318	1	313	63	324	264	106	1.05e-25	28.302	90	167	140	61	11	N/A
Q00646	B6HF70	323	1392	324	4	306	987	1283	250	100	8.77e-24	25.926	84	192	161	48	12	N/A
Q00646	B6H3P1	323	886	248	4	242	344	564	244	98.6	4.50e-23	30.242	75	137	125	36	8	N/A
Q00646	B6H3M0	323	1342	336	4	306	1023	1309	238	96.3	3.84e-22	26.786	90	164	146	82	13	N/A
Q00646	B6HTA0	323	1342	315	1	306	61	314	236	95.5	6.24e-22	26.349	83	162	148	70	14	N/A
Q00646	B6HGR3	323	846	256	2	242	555	787	231	93.6	2.48e-21	26.953	69	149	119	38	9	N/A
Q00646	B6H2J8	323	407	301	10	306	137	384	226	91.7	5.42e-21	26.246	79	165	132	57	11	N/A
Q00646	B6HP99	323	617	325	8	318	103	383	225	91.3	1.08e-20	27.077	88	179	139	58	12	N/A
Q00646	B6H9J1	323	323	301	10	307	37	302	220	89.4	1.56e-20	27.243	82	181	136	38	12	N/A
Q00646	B6HJ11	323	589	220	3	221	7	201	221	89.7	4.49e-20	30.909	68	126	111	26	8	N/A
Q00646	B6HW35	323	1257	258	51	306	173	378	219	89.0	1.06e-19	28.295	73	131	114	54	8	N/A
Q00646	B6H1E8	323	894	306	10	307	500	756	218	88.6	1.34e-19	27.124	83	166	134	57	10	N/A
Q00646	B6HHD2	323	391	300	1	295	77	319	211	85.9	4.26e-19	27.000	81	157	136	62	13	N/A
Q00646	B6HRL8	323	642	305	1	301	296	548	211	85.9	8.22e-19	29.508	90	159	138	56	14	N/A
Q00646	B6HMJ2	323	892	261	2	235	610	843	210	85.5	1.12e-18	25.670	67	140	119	54	9	N/A
Q00646	B6HBR3	323	604	345	1	307	96	388	207	84.3	2.32e-18	24.348	84	171	147	90	15	N/A
Q00646	B6GXD7	323	564	230	1	228	17	221	207	84.3	2.55e-18	31.739	73	130	111	27	9	N/A
Q00646	B6H5Z5	323	872	306	3	306	39	287	208	84.7	2.56e-18	28.105	86	161	130	59	11	N/A
Q00646	B6HF11	323	635	314	2	306	265	533	205	83.6	5.46e-18	25.478	80	180	139	54	13	N/A
Q00646	B6HMA9	323	662	319	4	322	11	266	205	83.6	5.53e-18	24.765	79	177	133	63	10	N/A
Q00646	B6H4M3	323	1561	244	10	242	1276	1498	204	83.2	9.80e-18	25.820	63	149	114	32	7	N/A
Q00646	B6GYG6	323	1029	329	4	306	238	521	203	82.8	1.06e-17	24.012	79	179	139	71	13	N/A
Q00646	B6H4T6	323	825	343	4	306	504	821	203	82.8	1.06e-17	25.073	86	192	146	65	11	N/A
Q00646	B6GYB7	323	442	304	10	306	63	313	201	82.0	1.15e-17	24.671	75	169	132	60	12	N/A
Q00646	A7KAL2	323	960	272	4	235	22	281	202	82.4	1.43e-17	26.838	73	147	122	52	11	N/A
Q00646	B6H4J4	323	1048	318	10	309	172	432	200	81.6	2.53e-17	26.101	83	160	139	75	16	N/A
Q00646	B6HEN9	323	551	228	2	226	65	264	197	80.5	4.72e-17	28.947	66	131	110	31	10	N/A
Q00646	B6HAM1	323	592	323	1	306	237	507	195	79.7	8.29e-17	23.529	76	178	133	69	12	N/A
Q5B6D6	B6H215	796	798	799	1	796	1	795	3399	1313	0.0	81.602	652	140	716	7	3	N/A
Q5B6D6	B6HP52	796	783	796	20	796	12	782	2113	818	0.0	52.387	417	335	538	44	13	N/A
Q5B6D6	B6H7G0	796	785	475	65	518	88	529	370	147	8.96e-37	30.316	144	277	207	54	16	N/A
Q5B6D6	B6H6J7	796	774	639	146	733	68	667	330	131	7.57e-32	24.726	158	391	247	90	17	N/A
Q5B6D6	B6HE25	796	683	336	164	494	86	398	266	107	3.27e-24	27.679	93	215	145	28	11	N/A
Q4WTQ6	B6HGD0	382	378	383	1	382	1	378	1626	630	0.0	82.507	316	61	350	6	3	N/A
Q2UGZ7	A7KAL2	934	960	929	1	918	1	906	3444	1331	0.0	72.336	672	223	753	34	10	N/A
Q2UGZ7	B6HBR3	934	604	359	21	366	98	434	383	152	1.17e-38	28.691	103	221	176	35	8	N/A
Q2UGZ7	B6HQ51	934	704	368	21	351	10	320	351	139	2.38e-34	28.804	106	168	171	94	13	N/A
Q2UGZ7	B6HF11	934	635	338	8	334	256	540	311	124	1.40e-29	27.515	93	181	152	64	9	N/A
Q2UGZ7	B6GYG6	934	1029	328	22	322	238	516	312	124	2.45e-29	26.524	87	165	147	76	8	N/A
Q2UGZ7	B6HEU0	934	790	305	19	321	63	311	291	116	5.95e-27	27.541	84	163	136	58	6	N/A
Q2UGZ7	B6HMJ2	934	892	327	28	331	618	891	288	115	1.80e-26	24.159	79	172	147	76	7	N/A
Q2UGZ7	B6H026	934	1143	268	21	282	60	275	287	115	2.77e-26	28.731	77	133	122	58	6	N/A
Q2UGZ7	B6HW35	934	1257	302	66	351	171	417	284	114	7.20e-26	26.821	81	150	133	71	7	N/A
Q2UGZ7	B6GYB7	934	442	307	28	329	63	315	274	110	1.23e-25	27.687	85	163	142	59	11	N/A
Q2UGZ7	B6H5Z5	934	872	307	19	322	37	282	280	112	1.53e-25	28.339	87	156	134	64	9	N/A